62.483134 0.8987476216 0.0000000000 0.8987476216 0.0000000000 0.9519813278 0.0000000000 0.9519813278 0.0000000000 0.9519813278 0.0000000000 0.9519813278 0.0000000000
62.983134 0.8942318336 0.0000000000 0.8942318336 0.0000000000 0.9529868370 0.0000000000 0.9529868370 0.0000000000 0.9529868370 0.0000000000 0.9529868370 0.0000000000
63.483134 0.8878349207 0.0000000000 0.8878349207 0.0000000000 0.9539730587 0.0000000000 0.9539730587 0.0000000000 0.9539730587 0.0000000000 0.9539730587 0.0000000000
63.983134 0.8790529548 0.0000000000 0.8790529548 0.0000000000 0.9549432262 0.0000000000 0.9549432262 0.0000000000 0.9549432262 0.0000000000 0.9549432262 0.0000000000
64.483134 0.8672278488 0.0000000000 0.8672278488 0.0000000000 0.9558997868 0.0000000000 0.9558997868 0.0000000000 0.9558997868 0.0000000000 0.9558997868 0.0000000000
64.983134 0.8515053177 0.0000000000 0.8515053177 0.0000000000 0.9568446487 0.0000000000 0.9568446487 0.0000000000 0.9568446487 0.0000000000 0.9568446487 0.0000000000
65.483134 0.8307856225 0.0000000000 0.8307856225 0.0000000000 0.9577793358 0.0000000000 0.9577793358 0.0000000000 0.9577793358 0.0000000000 0.9577793358 0.0000000000
65.983134 0.8036733525 0.0000000000 0.8036733525 0.0000000000 0.9587050895 0.0000000000 0.9587050895 0.0000000000 0.9587050895 0.0000000000 0.9587050895 0.0000000000
66.483134 0.7684429041 0.0000000000 0.7684429041 0.0000000000 0.9596229379 0.0000000000 0.9596229379 0.0000000000 0.9596229379 0.0000000000 0.9596229379 0.0000000000
66.983134 0.7230568335 0.0000000000 0.7230568335 0.0000000000 0.9605337446 0.0000000000 0.9605337446 0.0000000000 0.9605337446 0.0000000000 0.9605337446 0.0000000000
67.483134 0.6653099212 0.0000000000 0.6653099212 0.0000000000 0.9614382440 0.0000000000 0.9614382440 0.0000000000 0.9614382440 0.0000000000 0.9614382440 0.0000000000
67.983134 0.5932218817 0.0000000000 0.5932218817 0.0000000000 0.9623370672 0.0000000000 0.9623370672 0.0000000000 0.9623370672 0.0000000000 0.9623370672 0.0000000000
68.483134 0.5058402301 0.0000000000 0.5058402301 0.0000000000 0.9632307617 0.0000000000 0.9632307617 0.0000000000 0.9632307617 0.0000000000 0.9632307617 0.0000000000
68.983134 0.4045531411 0.0000000000 0.4045531411 0.0000000000 0.9641198063 0.0000000000 0.9641198063 0.0000000000 0.9641198063 0.0000000000 0.9641198063 0.0000000000
69.483134 0.2946806858 0.0000000000 0.2946806858 0.0000000000 0.9650046233 0.0000000000 0.9650046233 0.0000000000 0.9650046233 0.0000000000 0.9650046233 0.0000000000
69.983134 0.1864165306 0.0000000000 0.1864165306 0.0000000000 0.9658855871 0.0000000000 0.9658855871 0.0000000000 0.9658855871 0.0000000000 0.9658855871 0.0000000000
70.483134 0.0935967711 0.0000000000 0.0935967711 0.0000000000 0.9667630320 0.0000000000 0.9667630320 0.0000000000 0.9667630320 0.0000000000 0.9667630320 0.0000000000
70.983134 0.0295394342 0.0000000000 0.0295394342 0.0000000000 0.9676372581 0.0000000000 0.9676372581 0.0000000000 0.9676372581 0.0000000000 0.9676372581 0.0000000000
71.483134 0.0018012377 0.0000000000 0.0018012377 0.0000000000 0.9685085364 0.0000000000 0.9685085364 0.0000000000 0.9685085364 0.0000000000 0.9685085364 0.0000000000
71.983134 0.0095419691 0.0000000000 0.0095419691 0.0000000000 0.9693771123 0.0000000000 0.9693771123 0.0000000000 0.9693771123 0.0000000000 0.9693771123 0.0000000000
72.483134 0.0452428771 0.0000000000 0.0452428771 0.0000000000 0.9702432095 0.0000000000 0.9702432095 0.0000000000 0.9702432095 0.0000000000 0.9702432095 0.0000000000
