0.600000 0.2970228853 0.0000000000 0.2970228853 0.0000000000 0.9561166444 0.0000000000 0.9561166444 0.0000000000 0.9561166444 0.0000000000 0.9561166444 0.0000000000
0.605000 0.2980213764 0.0000000000 0.2980213764 0.0000000000 0.9574818367 0.0000000000 0.9574818367 0.0000000000 0.9574818367 0.0000000000 0.9574818367 0.0000000000
0.610000 0.2998063118 0.0000000000 0.2998063118 0.0000000000 0.9587557559 0.0000000000 0.9587557559 0.0000000000 0.9587557559 0.0000000000 0.9587557559 0.0000000000
0.615000 0.2999654971 0.0000000000 0.2999654971 0.0000000000 0.9599679968 0.0000000000 0.9599679968 0.0000000000 0.9599679968 0.0000000000 0.9599679968 0.0000000000
0.620000 0.2959341756 0.0000000000 0.2959341756 0.0000000000 0.9611447496 0.0000000000 0.9611447496 0.0000000000 0.9611447496 0.0000000000 0.9611447496 0.0000000000
0.625000 0.2850130904 0.0000000000 0.2850130904 0.0000000000 0.9623091225 0.0000000000 0.9623091225 0.0000000000 0.9623091225 0.0000000000 0.9623091225 0.0000000000
0.630000 0.2643564807 0.0000000000 0.2643564807 0.0000000000 0.9634813008 0.0000000000 0.9634813008 0.0000000000 0.9634813008 0.0000000000 0.9634813008 0.0000000000
0.635000 0.2310839438 0.0000000000 0.2310839438 0.0000000000 0.9646785727 0.0000000000 0.9646785727 0.0000000000 0.9646785727 0.0000000000 0.9646785727 0.0000000000
0.640000 0.1829514276 0.0000000000 0.1829514276 0.0000000000 0.9659152413 0.0000000000 0.9659152413 0.0000000000 0.9659152413 0.0000000000 0.9659152413 0.0000000000
0.645000 0.1206357859 0.0000000000 0.1206357859 0.0000000000 0.9672024367 0.0000000000 0.9672024367 0.0000000000 0.9672024367 0.0000000000 0.9672024367 0.0000000000
0.650000 0.0534992572 0.0000000000 0.0534992572 0.0000000000 0.9685478417 0.0000000000 0.9685478417 0.0000000000 0.9685478417 0.0000000000 0.9685478417 0.0000000000
0.655000 0.0089247747 0.0000000000 0.0089247747 0.0000000000 0.9699542487 0.0000000000 0.9699542487 0.0000000000 0.9699542487 0.0000000000 0.9699542487 0.0000000000
0.660000 0.0302940667 0.0000000000 0.0302940667 0.0000000000 0.9713942536 0.0000000000 0.9713942536 0.0000000000 0.9713942536 0.0000000000 0.9713942536 0.0000000000
0.665000 0.1332253692 0.0000000000 0.1332253692 0.0000000000 0.9728174982 0.0000000000 0.9728174982 0.0000000000 0.9728174982 0.0000000000 0.9728174982 0.0000000000
0.670000 0.2793995735 0.0000000000 0.2793995735 0.0000000000 0.9741828420 0.0000000000 0.9741828420 0.0000000000 0.9741828420 0.0000000000 0.9741828420 0.0000000000
0.675000 0.4197451608 0.0000000000 0.4197451608 0.0000000000 0.9754592841 0.0000000000 0.9754592841 0.0000000000 0.9754592841 0.0000000000 0.9754592841 0.0000000000
0.680000 0.5314129644 0.0000000000 0.5314129644 0.0000000000 0.9766246989 0.0000000000 0.9766246989 0.0000000000 0.9766246989 0.0000000000 0.9766246989 0.0000000000
0.685000 0.6130869673 0.0000000000 0.6130869673 0.0000000000 0.9776641552 0.0000000000 0.9776641552 0.0000000000 0.9776641552 0.0000000000 0.9776641552 0.0000000000
0.690000 0.6708636499 0.0000000000 0.6708636499 0.0000000000 0.9785681309 0.0000000000 0.9785681309 0.0000000000 0.9785681309 0.0000000000 0.9785681309 0.0000000000
0.695000 0.7116852058 0.0000000000 0.7116852058 0.0000000000 0.9793399939 0.0000000000 0.9793399939 0.0000000000 0.9793399939 0.0000000000 0.9793399939 0.0000000000
0.700000 0.7414170821 0.0000000000 0.7414170821 0.0000000000 0.9800010741 0.0000000000 0.9800010741 0.0000000000 0.9800010741 0.0000000000 0.9800010741 0.0000000000
